m = 1;

A = [
    0 0 1 0;
    0 0 0 1;
    0 0 0 0;
    0 0 0 0;
];

B = [
    0 0;
    0 0;
    1/m 0;
    0 1/m
];

C = eye(4);
D = zeros(4,2);